#_______________________________________________________________________
# Solver settings

amrex.fpe_trap_invalid = 1

#! Fluid solver
#!-----------------------------------------------------------//

mfix.stop_time = 55.001
mfix.dt_min = 1.0e-8
mfix.dt_max = 2.0e-4
mfix.cfl = 0.5
mfix.tcoll_ratio = 20.

mfix.mg_maxiter    = 1000
mfix.mg_cg_maxiter = 1000
mac.mg_maxiter     = 1000
mac.mg_cg_maxiter  = 1000

mac.mg_verbose   = 0
mfix.mg_verbose  = 1

mfix.particle_init_type = "AsciiFile"
particles.removeOutOfRange = 0
mfix.drag_type = "Gidaspow"

#_______________________________________________________________________
# Geometry / grids / tiles

# Maximum level in hierarchy (for now must be 0, i.e., one level in total)
amr.max_level = 0

geometry.coord_sys   = 0                       # 0: Cartesian
geometry.is_periodic = 0       0       0       # Is periodic in each direction?
geometry.prob_lo     = 0.      0.      0.      # lo corner of physical domain
geometry.prob_hi     = 0.176   0.044   0.011   # hi corner of physical domain

# Number of grid cells in each direction at the coarsest level
amr.n_cell =  64  16  4
amr.blocking_factor_x = 2
amr.blocking_factor_y = 2
amr.blocking_factor_z = 2

#! Grids
#!-----------------------------------------------------------//
# Maximum allowable size of each fluid subdomain in the problem domain;

# Fluid
amr.max_grid_size_x =    8
amr.max_grid_size_y =    8
amr.max_grid_size_z = 1024

# Particles (not with KDTree)
#particles.max_grid_size_x =   32
#particles.max_grid_size_y =   32
#particles.max_grid_size_z =   32

#! Tiles
#!-----------------------------------------------------------//

# Fluid: Maximum tile size within each grid
fabarray.mfiter_tile_size = 1024 1024 1024

# Particles: Maximum particle title size
particles.tile_size = 1024 1024 1024


#! EB settings
#!-----------------------------------------------------------//
# Level-set refinement and padding
mfix.levelset__refinement    = 4 # levelset resolution

#mfix.write_eb_surface = true  # Needed to output eb-surfaces

#! EB geometry
#!-----------------------------------------------------------//
#! none

#! BCs                
#  U/Umf    xlo.velocity
#   2       0.60
#   3       0.90
#!-----------------------------------------------------------//
xlo.type = "mi"          
xlo.velocity = 0.90

xhi.type = "po"
xhi.pressure = 0.0

ylo.type = "nsw"
yhi.type = "nsw"

zlo.type = "nsw"
zhi.type = "nsw"

zlo.location = 0.0005
zhi.location = 0.0105

#_______________________________________________________________________
# Particle load balancing

mfix.load_balance_type = "FixedSize"
#mfix.load_balance_type = "KnapSack"

amr.dual_grid          =  0
amr.regrid_int         = -1

#! KnapSack settings
#!-----------------------------------------------------------//
#default is "RunTimeCosts"; options include RunTimeCosts or NumParticles
#this option is only relevant if load_balance_type = KnapSack

#mfix.knapsack_weight_type = "NumParticles"
#mfix.knapsack_weight_type = "RunTimeCosts"

#______________________________________________________________________
## user data processing
amr.avg_int = 50
amr.avg_file = "uio"

amr.avg_vel_p	=	0	0	0	0	0	0	0	0	0	0	0	0	0	0	0	0	0	0	0	0	0	0	0	0	0	0	0	0	0	0	0	0	1	1	1	1	1	1	1	1	1	1	1	1	1	1	1	1	1	1	1	1	1	1	1	1	1	1	1	1	1	1	1	1	1	1	1	1	1	1	1	1	1	1	1	1	1	1	1	1	1	1	1	1	1	1	1	1	1	1	1	1	1	1	1	1	1	1	1	1	1	1	1	1	1	1	1	1	1	1	1	1	1	1	1	1	1	1	1	1	1	1	1	1	1	1	1	1	1	1	1	1	1	1	1	1	1	1	1	1	1	1	1	1	1	1	1	1	1	1	1	1	1	1	1	1	1	1	1	1	1	1	1	1	1	1	1	1	1	1	1	1	1
amr.avg_p_g	=	0	0	0	0	0	0	0	0	0	0	0	0	0	0	0	0	0	0	0	0	0	0	0	0	0	0	0	0	0	0	0	0	0	0	0	0	0	0	0	0	0	0	0	0	0	0	0	0	0	0	0	0	0	0	0	0	0	0	0	0	0	0	0	0	0	0	0	0	0	0	0	0	0	0	0	0	0	0	0	0	0	0	0	0	0	0	0	0	0	0	0	0	0	0	0	0	0	0	0	0	0	0	0	0	0	0	0	0	0	0	0	0	0	0	0	0	0	0	0	0	0	0	0	0	0	0	0	0	0	0	0	0	0	0	0	0	0	0	0	0	0	0	0	0	0	0	0	0	0	0	0	0	0	0	0	0	0	0	0	0	0	0	0	0	0	0	0	0	0	0	0	0	0
amr.avg_ep_g	=	1	1	1	1	1	1	1	1	1	1	1	1	1	1	1	1	1	1	1	1	1	1	1	1	1	1	1	1	1	1	1	1	0	0	0	0	0	0	0	0	0	0	0	0	0	0	0	0	0	0	0	0	0	0	0	0	0	0	0	0	0	0	0	0	0	0	0	0	0	0	0	0	0	0	0	0	0	0	0	0	0	0	0	0	0	0	0	0	0	0	0	0	0	0	0	0	0	0	0	0	0	0	0	0	0	0	0	0	0	0	0	0	0	0	0	0	0	0	0	0	0	0	0	0	0	0	0	0	0	0	0	0	0	0	0	0	0	0	0	0	0	0	0	0	0	0	0	0	0	0	0	0	0	0	0	0	0	0	0	0	0	0	0	0	0	0	0	0	0	0	0	0	0
amr.avg_vel_g	=	0	0	0	0	0	0	0	0	0	0	0	0	0	0	0	0	0	0	0	0	0	0	0	0	0	0	0	0	0	0	0	0	0	0	0	0	0	0	0	0	0	0	0	0	0	0	0	0	0	0	0	0	0	0	0	0	0	0	0	0	0	0	0	0	0	0	0	0	0	0	0	0	0	0	0	0	0	0	0	0	0	0	0	0	0	0	0	0	0	0	0	0	0	0	0	0	0	0	0	0	0	0	0	0	0	0	0	0	0	0	0	0	0	0	0	0	0	0	0	0	0	0	0	0	0	0	0	0	0	0	0	0	0	0	0	0	0	0	0	0	0	0	0	0	0	0	0	0	0	0	0	0	0	0	0	0	0	0	0	0	0	0	0	0	0	0	0	0	0	0	0	0	0
amr.avg_region_x_w =	=	0.015400	0.015400	0.015400	0.015400	0.015400	0.015400	0.015400	0.015400	0.015400	0.015400	0.015400	0.015400	0.015400	0.015400	0.015400	0.015400	0.030200	0.030200	0.030200	0.030200	0.030200	0.030200	0.030200	0.030200	0.030200	0.030200	0.030200	0.030200	0.030200	0.030200	0.030200	0.030200	0.014500	0.014500	0.014500	0.014500	0.014500	0.014500	0.014500	0.014500	0.014500	0.014500	0.014500	0.014500	0.014500	0.014500	0.014500	0.014500	0.014500	0.014500	0.014500	0.014500	0.014500	0.014500	0.014500	0.014500	0.014500	0.014500	0.014500	0.014500	0.014500	0.014500	0.014500	0.014500	0.014500	0.014500	0.014500	0.014500	0.014500	0.014500	0.014500	0.014500	0.014500	0.014500	0.014500	0.014500	0.014500	0.014500	0.014500	0.024500	0.024500	0.024500	0.024500	0.024500	0.024500	0.024500	0.024500	0.024500	0.024500	0.024500	0.024500	0.024500	0.024500	0.024500	0.024500	0.024500	0.024500	0.024500	0.024500	0.024500	0.024500	0.024500	0.024500	0.024500	0.024500	0.024500	0.024500	0.024500	0.024500	0.024500	0.024500	0.024500	0.024500	0.024500	0.024500	0.024500	0.024500	0.024500	0.024500	0.024500	0.024500	0.024500	0.024500	0.024500	0.024500	0.024500	0.034500	0.034500	0.034500	0.034500	0.034500	0.034500	0.034500	0.034500	0.034500	0.034500	0.034500	0.034500	0.034500	0.034500	0.034500	0.034500	0.034500	0.034500	0.034500	0.034500	0.034500	0.034500	0.034500	0.034500	0.034500	0.034500	0.034500	0.034500	0.034500	0.034500	0.034500	0.034500	0.034500	0.034500	0.034500	0.034500	0.034500	0.034500	0.034500	0.034500	0.034500	0.034500	0.034500	0.034500	0.034500	0.034500	0.034500
amr.avg_region_x_e =	=	0.017400	0.017400	0.017400	0.017400	0.017400	0.017400	0.017400	0.017400	0.017400	0.017400	0.017400	0.017400	0.017400	0.017400	0.017400	0.017400	0.032200	0.032200	0.032200	0.032200	0.032200	0.032200	0.032200	0.032200	0.032200	0.032200	0.032200	0.032200	0.032200	0.032200	0.032200	0.032200	0.015500	0.015500	0.015500	0.015500	0.015500	0.015500	0.015500	0.015500	0.015500	0.015500	0.015500	0.015500	0.015500	0.015500	0.015500	0.015500	0.015500	0.015500	0.015500	0.015500	0.015500	0.015500	0.015500	0.015500	0.015500	0.015500	0.015500	0.015500	0.015500	0.015500	0.015500	0.015500	0.015500	0.015500	0.015500	0.015500	0.015500	0.015500	0.015500	0.015500	0.015500	0.015500	0.015500	0.015500	0.015500	0.015500	0.015500	0.025500	0.025500	0.025500	0.025500	0.025500	0.025500	0.025500	0.025500	0.025500	0.025500	0.025500	0.025500	0.025500	0.025500	0.025500	0.025500	0.025500	0.025500	0.025500	0.025500	0.025500	0.025500	0.025500	0.025500	0.025500	0.025500	0.025500	0.025500	0.025500	0.025500	0.025500	0.025500	0.025500	0.025500	0.025500	0.025500	0.025500	0.025500	0.025500	0.025500	0.025500	0.025500	0.025500	0.025500	0.025500	0.025500	0.025500	0.035500	0.035500	0.035500	0.035500	0.035500	0.035500	0.035500	0.035500	0.035500	0.035500	0.035500	0.035500	0.035500	0.035500	0.035500	0.035500	0.035500	0.035500	0.035500	0.035500	0.035500	0.035500	0.035500	0.035500	0.035500	0.035500	0.035500	0.035500	0.035500	0.035500	0.035500	0.035500	0.035500	0.035500	0.035500	0.035500	0.035500	0.035500	0.035500	0.035500	0.035500	0.035500	0.035500	0.035500	0.035500	0.035500	0.035500
amr.avg_region_y_s =	=	0.000000	0.002750	0.005500	0.008250	0.011000	0.013750	0.016500	0.019250	0.022000	0.024750	0.027500	0.030250	0.033000	0.035750	0.038500	0.041250	0.000000	0.002750	0.005500	0.008250	0.011000	0.013750	0.016500	0.019250	0.022000	0.024750	0.027500	0.030250	0.033000	0.035750	0.038500	0.041250	0.000000	0.000936	0.001872	0.002809	0.003745	0.004681	0.005617	0.006553	0.007489	0.008426	0.009362	0.010298	0.011234	0.012170	0.013106	0.014043	0.014979	0.015915	0.016851	0.017787	0.018723	0.019660	0.020596	0.021532	0.022468	0.023404	0.024340	0.025277	0.026213	0.027149	0.028085	0.029021	0.029957	0.030894	0.031830	0.032766	0.033702	0.034638	0.035574	0.036511	0.037447	0.038383	0.039319	0.040255	0.041191	0.042128	0.043064	0.000000	0.000936	0.001872	0.002809	0.003745	0.004681	0.005617	0.006553	0.007489	0.008426	0.009362	0.010298	0.011234	0.012170	0.013106	0.014043	0.014979	0.015915	0.016851	0.017787	0.018723	0.019660	0.020596	0.021532	0.022468	0.023404	0.024340	0.025277	0.026213	0.027149	0.028085	0.029021	0.029957	0.030894	0.031830	0.032766	0.033702	0.034638	0.035574	0.036511	0.037447	0.038383	0.039319	0.040255	0.041191	0.042128	0.043064	0.000000	0.000936	0.001872	0.002809	0.003745	0.004681	0.005617	0.006553	0.007489	0.008426	0.009362	0.010298	0.011234	0.012170	0.013106	0.014043	0.014979	0.015915	0.016851	0.017787	0.018723	0.019660	0.020596	0.021532	0.022468	0.023404	0.024340	0.025277	0.026213	0.027149	0.028085	0.029021	0.029957	0.030894	0.031830	0.032766	0.033702	0.034638	0.035574	0.036511	0.037447	0.038383	0.039319	0.040255	0.041191	0.042128	0.043064
amr.avg_region_y_n =	=	0.002750	0.005500	0.008250	0.011000	0.013750	0.016500	0.019250	0.022000	0.024750	0.027500	0.030250	0.033000	0.035750	0.038500	0.041250	0.044000	0.002750	0.005500	0.008250	0.011000	0.013750	0.016500	0.019250	0.022000	0.024750	0.027500	0.030250	0.033000	0.035750	0.038500	0.041250	0.044000	0.000936	0.001872	0.002809	0.003745	0.004681	0.005617	0.006553	0.007489	0.008426	0.009362	0.010298	0.011234	0.012170	0.013106	0.014043	0.014979	0.015915	0.016851	0.017787	0.018723	0.019660	0.020596	0.021532	0.022468	0.023404	0.024340	0.025277	0.026213	0.027149	0.028085	0.029021	0.029957	0.030894	0.031830	0.032766	0.033702	0.034638	0.035574	0.036511	0.037447	0.038383	0.039319	0.040255	0.041191	0.042128	0.043064	0.044000	0.000936	0.001872	0.002809	0.003745	0.004681	0.005617	0.006553	0.007489	0.008426	0.009362	0.010298	0.011234	0.012170	0.013106	0.014043	0.014979	0.015915	0.016851	0.017787	0.018723	0.019660	0.020596	0.021532	0.022468	0.023404	0.024340	0.025277	0.026213	0.027149	0.028085	0.029021	0.029957	0.030894	0.031830	0.032766	0.033702	0.034638	0.035574	0.036511	0.037447	0.038383	0.039319	0.040255	0.041191	0.042128	0.043064	0.044000	0.000936	0.001872	0.002809	0.003745	0.004681	0.005617	0.006553	0.007489	0.008426	0.009362	0.010298	0.011234	0.012170	0.013106	0.014043	0.014979	0.015915	0.016851	0.017787	0.018723	0.019660	0.020596	0.021532	0.022468	0.023404	0.024340	0.025277	0.026213	0.027149	0.028085	0.029021	0.029957	0.030894	0.031830	0.032766	0.033702	0.034638	0.035574	0.036511	0.037447	0.038383	0.039319	0.040255	0.041191	0.042128	0.043064	0.044000
amr.avg_region_z_b =	=	0.000500	0.000500	0.000500	0.000500	0.000500	0.000500	0.000500	0.000500	0.000500	0.000500	0.000500	0.000500	0.000500	0.000500	0.000500	0.000500	0.000500	0.000500	0.000500	0.000500	0.000500	0.000500	0.000500	0.000500	0.000500	0.000500	0.000500	0.000500	0.000500	0.000500	0.000500	0.000500	0.000500	0.000500	0.000500	0.000500	0.000500	0.000500	0.000500	0.000500	0.000500	0.000500	0.000500	0.000500	0.000500	0.000500	0.000500	0.000500	0.000500	0.000500	0.000500	0.000500	0.000500	0.000500	0.000500	0.000500	0.000500	0.000500	0.000500	0.000500	0.000500	0.000500	0.000500	0.000500	0.000500	0.000500	0.000500	0.000500	0.000500	0.000500	0.000500	0.000500	0.000500	0.000500	0.000500	0.000500	0.000500	0.000500	0.000500	0.000500	0.000500	0.000500	0.000500	0.000500	0.000500	0.000500	0.000500	0.000500	0.000500	0.000500	0.000500	0.000500	0.000500	0.000500	0.000500	0.000500	0.000500	0.000500	0.000500	0.000500	0.000500	0.000500	0.000500	0.000500	0.000500	0.000500	0.000500	0.000500	0.000500	0.000500	0.000500	0.000500	0.000500	0.000500	0.000500	0.000500	0.000500	0.000500	0.000500	0.000500	0.000500	0.000500	0.000500	0.000500	0.000500	0.000500	0.000500	0.000500	0.000500	0.000500	0.000500	0.000500	0.000500	0.000500	0.000500	0.000500	0.000500	0.000500	0.000500	0.000500	0.000500	0.000500	0.000500	0.000500	0.000500	0.000500	0.000500	0.000500	0.000500	0.000500	0.000500	0.000500	0.000500	0.000500	0.000500	0.000500	0.000500	0.000500	0.000500	0.000500	0.000500	0.000500	0.000500	0.000500	0.000500	0.000500	0.000500	0.000500	0.000500	0.000500	0.000500	0.000500	0.000500
amr.avg_region_z_t =	=	0.010500	0.010500	0.010500	0.010500	0.010500	0.010500	0.010500	0.010500	0.010500	0.010500	0.010500	0.010500	0.010500	0.010500	0.010500	0.010500	0.010500	0.010500	0.010500	0.010500	0.010500	0.010500	0.010500	0.010500	0.010500	0.010500	0.010500	0.010500	0.010500	0.010500	0.010500	0.010500	0.010500	0.010500	0.010500	0.010500	0.010500	0.010500	0.010500	0.010500	0.010500	0.010500	0.010500	0.010500	0.010500	0.010500	0.010500	0.010500	0.010500	0.010500	0.010500	0.010500	0.010500	0.010500	0.010500	0.010500	0.010500	0.010500	0.010500	0.010500	0.010500	0.010500	0.010500	0.010500	0.010500	0.010500	0.010500	0.010500	0.010500	0.010500	0.010500	0.010500	0.010500	0.010500	0.010500	0.010500	0.010500	0.010500	0.010500	0.010500	0.010500	0.010500	0.010500	0.010500	0.010500	0.010500	0.010500	0.010500	0.010500	0.010500	0.010500	0.010500	0.010500	0.010500	0.010500	0.010500	0.010500	0.010500	0.010500	0.010500	0.010500	0.010500	0.010500	0.010500	0.010500	0.010500	0.010500	0.010500	0.010500	0.010500	0.010500	0.010500	0.010500	0.010500	0.010500	0.010500	0.010500	0.010500	0.010500	0.010500	0.010500	0.010500	0.010500	0.010500	0.010500	0.010500	0.010500	0.010500	0.010500	0.010500	0.010500	0.010500	0.010500	0.010500	0.010500	0.010500	0.010500	0.010500	0.010500	0.010500	0.010500	0.010500	0.010500	0.010500	0.010500	0.010500	0.010500	0.010500	0.010500	0.010500	0.010500	0.010500	0.010500	0.010500	0.010500	0.010500	0.010500	0.010500	0.010500	0.010500	0.010500	0.010500	0.010500	0.010500	0.010500	0.010500	0.010500	0.010500	0.010500	0.010500	0.010500	0.010500	0.010500

#_______________________________________________________________________
# IO / Checkpointing

amr.par_ascii_int  = 10000
amr.par_ascii_file ="vis"

amr.plot_int       = 10000
amr.plot_file      ="plt"

amr.check_int      = 5000
amr.check_file     ="chk"

#! Restart from checkpoint
#!-----------------------------------------------------------//
#amr.restart   ="chk190000"
