#______________________________________________________________________
# user data processing
mfix.avg_int = 1
mfix.avg_file = "uio"

mfix.avg_vel_p =	1	1	1	1	1	1	1	1	1	1	1	1	1	1	1	1	1	1	1	1	1	1	1	1	1	1	1	1	1	1	1	1	1	1	1	1	1	1	1	1	1	1	1	1	1	1	1	1	1	1	1	1	1	1	1	1	1	1	1	1	1	1	1	1	1	1	1	1	1	1	1	1	1	1	1	1	1	1	1	1	1	1	1	1	1	1	1	1	1	1	1	1	1	1	1	1	1	1	1	1	1	1	1	1	1	1	1	1	1	1	1	1	1	1	1	1	1	1	1	1	1	1	1	1	1	1	1	1	1	1	1	1	1	1	1	1	1	1	1	1	1	1	1	1	1	1	1	1	1	1	1	1	1	1	1	1	1	1	1	1	1	1	1	1	1	1	1	1	1	1	1	1	1	1	1	1	1	1	1	1	1	1	1	1	1	1	1	1	1	1	1	1	1	1	1	1	1	1	1	1	1	1	1	1	1	1	1	1	1	1	1	1	1	1	1	1	1	1	1	1	1	1	1	1	1	1	1	1	1	1	1	1	1	1	1	1	1	1	1	1	1	1	1	1	1	1	1	1	1	1	1	1	1	1	1	1	1	1	1	1	1	1	1	1	1	1	1	1	1	1	1	1	1	1	1	1	1	1	1	1	1	1	1	1	1	1	1	1	1	1	1	1	1	1	1	1	1	1	1	1	1	1	1	1	1	1	1	1	1	1	1	1	1	1	1	1	1	1	1	1	1	1	1	1	1	1	1	1	1	1	1	1	1	1	1	1	1	1	1	1	1	1	1	1	1	1	1	1	1	1	1	1	1	1	1	1	1	1	1	1	1	1	1	1	1	1	1	1	1	1	1	1	1	1	1	1	1	1	1	1	1	1	1	1	1	1	1	1	1	1	1	1	1	1	1	1	1	1	1	1	1	1	1	1	1	1	1	1	1	1	1	1	1	1	1	1	1	1	1	1	1	1	1	1	1	1	1	1	1	1	1	1	1	1	1	1	1	1	1	1	1	1	1	1	1	1	1	1	1	1	1	1	1	1	1	1	1	1	1	1	1	1	1	1	1	1	1	1	1	1	1	1	1	1	1	1	1	1	1	1	1	1	1	1	1	1	1	1	1	1	1	1	1	1	1	1	1	1	1	1	1	1	1	1	1	1	1	1	1	1	1	1	1	1	1	1	1	1	1	1	1	1	1	1	1	1	1	1	1	1	1	1	1	1	1	1	1	1	1	1	1	1	1	1	1	1	1	1	1	1	1	1	1	1	1	1	1	1	1	1	1	1	1	1	1	1	1	1	1	1	1	1	1	1	1	1	1	1	1	1	1	1	1	1	1	1	1	1	1	1	1	1	1	1	1	1	1	1	1	1	1	1	1	1	1	1	1	1	1	1	1	1	1	1	1	1	1	1	1	1	1	1	1	1	1	1	1	1	1	1	1	1	1	1	1	1	1	1	1	1	1	1	1	1	1	1	1	1	1	1	1	1	1	1	1	1	1	1	1	1	1	1	1	1	1	1	1	1	1	1	1	1
mfix.avg_p_g =	0	0	0	0	0	0	0	0	0	0	0	0	0	0	0	0	0	0	0	0	0	0	0	0	0	0	0	0	0	0	0	0	0	0	0	0	0	0	0	0	0	0	0	0	0	0	0	0	0	0	0	0	0	0	0	0	0	0	0	0	0	0	0	0	0	0	0	0	0	0	0	0	0	0	0	0	0	0	0	0	0	0	0	0	0	0	0	0	0	0	0	0	0	0	0	0	0	0	0	0	0	0	0	0	0	0	0	0	0	0	0	0	0	0	0	0	0	0	0	0	0	0	0	0	0	0	0	0	0	0	0	0	0	0	0	0	0	0	0	0	0	0	0	0	0	0	0	0	0	0	0	0	0	0	0	0	0	0	0	0	0	0	0	0	0	0	0	0	0	0	0	0	0	0	0	0	0	0	0	0	0	0	0	0	0	0	0	0	0	0	0	0	0	0	0	0	0	0	0	0	0	0	0	0	0	0	0	0	0	0	0	0	0	0	0	0	0	0	0	0	0	0	0	0	0	0	0	0	0	0	0	0	0	0	0	0	0	0	0	0	0	0	0	0	0	0	0	0	0	0	0	0	0	0	0	0	0	0	0	0	0	0	0	0	0	0	0	0	0	0	0	0	0	0	0	0	0	0	0	0	0	0	0	0	0	0	0	0	0	0	0	0	0	0	0	0	0	0	0	0	0	0	0	0	0	0	0	0	0	0	0	0	0	0	0	0	0	0	0	0	0	0	0	0	0	0	0	0	0	0	0	0	0	0	0	0	0	0	0	0	0	0	0	0	0	0	0	0	0	0	0	0	0	0	0	0	0	0	0	0	0	0	0	0	0	0	0	0	0	0	0	0	0	0	0	0	0	0	0	0	0	0	0	0	0	0	0	0	0	0	0	0	0	0	0	0	0	0	0	0	0	0	0	0	0	0	0	0	0	0	0	0	0	0	0	0	0	0	0	0	0	0	0	0	0	0	0	0	0	0	0	0	0	0	0	0	0	0	0	0	0	0	0	0	0	0	0	0	0	0	0	0	0	0	0	0	0	0	0	0	0	0	0	0	0	0	0	0	0	0	0	0	0	0	0	0	0	0	0	0	0	0	0	0	0	0	0	0	0	0	0	0	0	0	0	0	0	0	0	0	0	0	0	0	0	0	0	0	0	0	0	0	0	0	0	0	0	0	0	0	0	0	0	0	0	0	0	0	0	0	0	0	0	0	0	0	0	0	0	0	0	0	0	0	0	0	0	0	0	0	0	0	0	0	0	0	0	0	0	0	0	0	0	0	0	0	0	0	0	0	0	0	0	0	0	0	0	0	0	0	0	0	0	0	0	0	0	0	0	0	0	0	0	0	0	0	0	0	0	0	0	0	0	0	0	0	0	0	0	0	0	0	0	0	0	0	0	0	0	0	0	0	0	0	0	0	0	0	0	0	0	0	0	0	0	0	0	0	0	0	0	0	0	0	0	0	0	0	0	0	0	0	0	0	0	0	0	0	0	0	0	0	0	0	0	0	0	0	0	0	0	0
mfix.avg_ep_g =	0	0	0	0	0	0	0	0	0	0	0	0	0	0	0	0	0	0	0	0	0	0	0	0	0	0	0	0	0	0	0	0	0	0	0	0	0	0	0	0	0	0	0	0	0	0	0	0	0	0	0	0	0	0	0	0	0	0	0	0	0	0	0	0	0	0	0	0	0	0	0	0	0	0	0	0	0	0	0	0	0	0	0	0	0	0	0	0	0	0	0	0	0	0	0	0	0	0	0	0	0	0	0	0	0	0	0	0	0	0	0	0	0	0	0	0	0	0	0	0	0	0	0	0	0	0	0	0	0	0	0	0	0	0	0	0	0	0	0	0	0	0	0	0	0	0	0	0	0	0	0	0	0	0	0	0	0	0	0	0	0	0	0	0	0	0	0	0	0	0	0	0	0	0	0	0	0	0	0	0	0	0	0	0	0	0	0	0	0	0	0	0	0	0	0	0	0	0	0	0	0	0	0	0	0	0	0	0	0	0	0	0	0	0	0	0	0	0	0	0	0	0	0	0	0	0	0	0	0	0	0	0	0	0	0	0	0	0	0	0	0	0	0	0	0	0	0	0	0	0	0	0	0	0	0	0	0	0	0	0	0	0	0	0	0	0	0	0	0	0	0	0	0	0	0	0	0	0	0	0	0	0	0	0	0	0	0	0	0	0	0	0	0	0	0	0	0	0	0	0	0	0	0	0	0	0	0	0	0	0	0	0	0	0	0	0	0	0	0	0	0	0	0	0	0	0	0	0	0	0	0	0	0	0	0	0	0	0	0	0	0	0	0	0	0	0	0	0	0	0	0	0	0	0	0	0	0	0	0	0	0	0	0	0	0	0	0	0	0	0	0	0	0	0	0	0	0	0	0	0	0	0	0	0	0	0	0	0	0	0	0	0	0	0	0	0	0	0	0	0	0	0	0	0	0	0	0	0	0	0	0	0	0	0	0	0	0	0	0	0	0	0	0	0	0	0	0	0	0	0	0	0	0	0	0	0	0	0	0	0	0	0	0	0	0	0	0	0	0	0	0	0	0	0	0	0	0	0	0	0	0	0	0	0	0	0	0	0	0	0	0	0	0	0	0	0	0	0	0	0	0	0	0	0	0	0	0	0	0	0	0	0	0	0	0	0	0	0	0	0	0	0	0	0	0	0	0	0	0	0	0	0	0	0	0	0	0	0	0	0	0	0	0	0	0	0	0	0	0	0	0	0	0	0	0	0	0	0	0	0	0	0	0	0	0	0	0	0	0	0	0	0	0	0	0	0	0	0	0	0	0	0	0	0	0	0	0	0	0	0	0	0	0	0	0	0	0	0	0	0	0	0	0	0	0	0	0	0	0	0	0	0	0	0	0	0	0	0	0	0	0	0	0	0	0	0	0	0	0	0	0	0	0	0	0	0	0	0	0	0	0	0	0	0	0	0	0	0	0	0	0	0	0	0	0	0	0	0	0	0	0	0	0	0	0	0	0	0	0	0	0	0	0	0	0	0	0	0	0	0	0	0	0	0	0	0	0	0	0	0	0	0
mfix.avg_vel_g =	0	0	0	0	0	0	0	0	0	0	0	0	0	0	0	0	0	0	0	0	0	0	0	0	0	0	0	0	0	0	0	0	0	0	0	0	0	0	0	0	0	0	0	0	0	0	0	0	0	0	0	0	0	0	0	0	0	0	0	0	0	0	0	0	0	0	0	0	0	0	0	0	0	0	0	0	0	0	0	0	0	0	0	0	0	0	0	0	0	0	0	0	0	0	0	0	0	0	0	0	0	0	0	0	0	0	0	0	0	0	0	0	0	0	0	0	0	0	0	0	0	0	0	0	0	0	0	0	0	0	0	0	0	0	0	0	0	0	0	0	0	0	0	0	0	0	0	0	0	0	0	0	0	0	0	0	0	0	0	0	0	0	0	0	0	0	0	0	0	0	0	0	0	0	0	0	0	0	0	0	0	0	0	0	0	0	0	0	0	0	0	0	0	0	0	0	0	0	0	0	0	0	0	0	0	0	0	0	0	0	0	0	0	0	0	0	0	0	0	0	0	0	0	0	0	0	0	0	0	0	0	0	0	0	0	0	0	0	0	0	0	0	0	0	0	0	0	0	0	0	0	0	0	0	0	0	0	0	0	0	0	0	0	0	0	0	0	0	0	0	0	0	0	0	0	0	0	0	0	0	0	0	0	0	0	0	0	0	0	0	0	0	0	0	0	0	0	0	0	0	0	0	0	0	0	0	0	0	0	0	0	0	0	0	0	0	0	0	0	0	0	0	0	0	0	0	0	0	0	0	0	0	0	0	0	0	0	0	0	0	0	0	0	0	0	0	0	0	0	0	0	0	0	0	0	0	0	0	0	0	0	0	0	0	0	0	0	0	0	0	0	0	0	0	0	0	0	0	0	0	0	0	0	0	0	0	0	0	0	0	0	0	0	0	0	0	0	0	0	0	0	0	0	0	0	0	0	0	0	0	0	0	0	0	0	0	0	0	0	0	0	0	0	0	0	0	0	0	0	0	0	0	0	0	0	0	0	0	0	0	0	0	0	0	0	0	0	0	0	0	0	0	0	0	0	0	0	0	0	0	0	0	0	0	0	0	0	0	0	0	0	0	0	0	0	0	0	0	0	0	0	0	0	0	0	0	0	0	0	0	0	0	0	0	0	0	0	0	0	0	0	0	0	0	0	0	0	0	0	0	0	0	0	0	0	0	0	0	0	0	0	0	0	0	0	0	0	0	0	0	0	0	0	0	0	0	0	0	0	0	0	0	0	0	0	0	0	0	0	0	0	0	0	0	0	0	0	0	0	0	0	0	0	0	0	0	0	0	0	0	0	0	0	0	0	0	0	0	0	0	0	0	0	0	0	0	0	0	0	0	0	0	0	0	0	0	0	0	0	0	0	0	0	0	0	0	0	0	0	0	0	0	0	0	0	0	0	0	0	0	0	0	0	0	0	0	0	0	0	0	0	0	0	0	0	0	0	0	0	0	0	0	0	0	0	0	0	0	0	0	0	0	0	0	0	0	0	0	0	0	0	0	0	0	0	0	0	0	0	0	0	0

mfix.avg_region_x_w =	0.001000	0.010048	0.019095	0.028143	0.037190	0.046238	0.055286	0.064333	0.073381	0.082429	0.091476	0.100524	0.109571	0.118619	0.127667	0.136714	0.145762	0.154810	0.163857	0.172905	0.181952	0.001000	0.010048	0.019095	0.028143	0.037190	0.046238	0.055286	0.064333	0.073381	0.082429	0.091476	0.100524	0.109571	0.118619	0.127667	0.136714	0.145762	0.154810	0.163857	0.172905	0.181952	0.001000	0.010048	0.019095	0.028143	0.037190	0.046238	0.055286	0.064333	0.073381	0.082429	0.091476	0.100524	0.109571	0.118619	0.127667	0.136714	0.145762	0.154810	0.163857	0.172905	0.181952	0.001000	0.010048	0.019095	0.028143	0.037190	0.046238	0.055286	0.064333	0.073381	0.082429	0.091476	0.100524	0.109571	0.118619	0.127667	0.136714	0.145762	0.154810	0.163857	0.172905	0.181952	0.001000	0.010048	0.019095	0.028143	0.037190	0.046238	0.055286	0.064333	0.073381	0.082429	0.091476	0.100524	0.109571	0.118619	0.127667	0.136714	0.145762	0.154810	0.163857	0.172905	0.181952	0.001000	0.010048	0.019095	0.028143	0.037190	0.046238	0.055286	0.064333	0.073381	0.082429	0.091476	0.100524	0.109571	0.118619	0.127667	0.136714	0.145762	0.154810	0.163857	0.172905	0.181952	0.001000	0.010048	0.019095	0.028143	0.037190	0.046238	0.055286	0.064333	0.073381	0.082429	0.091476	0.100524	0.109571	0.118619	0.127667	0.136714	0.145762	0.154810	0.163857	0.172905	0.181952	0.001000	0.010048	0.019095	0.028143	0.037190	0.046238	0.055286	0.064333	0.073381	0.082429	0.091476	0.100524	0.109571	0.118619	0.127667	0.136714	0.145762	0.154810	0.163857	0.172905	0.181952	0.001000	0.010048	0.019095	0.028143	0.037190	0.046238	0.055286	0.064333	0.073381	0.082429	0.091476	0.100524	0.109571	0.118619	0.127667	0.136714	0.145762	0.154810	0.163857	0.172905	0.181952	0.001000	0.010048	0.019095	0.028143	0.037190	0.046238	0.055286	0.064333	0.073381	0.082429	0.091476	0.100524	0.109571	0.118619	0.127667	0.136714	0.145762	0.154810	0.163857	0.172905	0.181952	0.001000	0.010048	0.019095	0.028143	0.037190	0.046238	0.055286	0.064333	0.073381	0.082429	0.091476	0.100524	0.109571	0.118619	0.127667	0.136714	0.145762	0.154810	0.163857	0.172905	0.181952	0.001000	0.010048	0.019095	0.028143	0.037190	0.046238	0.055286	0.064333	0.073381	0.082429	0.091476	0.100524	0.109571	0.118619	0.127667	0.136714	0.145762	0.154810	0.163857	0.172905	0.181952	0.001000	0.010048	0.019095	0.028143	0.037190	0.046238	0.055286	0.064333	0.073381	0.082429	0.091476	0.100524	0.109571	0.118619	0.127667	0.136714	0.145762	0.154810	0.163857	0.172905	0.181952	0.001000	0.010048	0.019095	0.028143	0.037190	0.046238	0.055286	0.064333	0.073381	0.082429	0.091476	0.100524	0.109571	0.118619	0.127667	0.136714	0.145762	0.154810	0.163857	0.172905	0.181952	0.001000	0.010048	0.019095	0.028143	0.037190	0.046238	0.055286	0.064333	0.073381	0.082429	0.091476	0.100524	0.109571	0.118619	0.127667	0.136714	0.145762	0.154810	0.163857	0.172905	0.181952	0.001000	0.010048	0.019095	0.028143	0.037190	0.046238	0.055286	0.064333	0.073381	0.082429	0.091476	0.100524	0.109571	0.118619	0.127667	0.136714	0.145762	0.154810	0.163857	0.172905	0.181952	0.001000	0.010048	0.019095	0.028143	0.037190	0.046238	0.055286	0.064333	0.073381	0.082429	0.091476	0.100524	0.109571	0.118619	0.127667	0.136714	0.145762	0.154810	0.163857	0.172905	0.181952	0.001000	0.010048	0.019095	0.028143	0.037190	0.046238	0.055286	0.064333	0.073381	0.082429	0.091476	0.100524	0.109571	0.118619	0.127667	0.136714	0.145762	0.154810	0.163857	0.172905	0.181952	0.001000	0.010048	0.019095	0.028143	0.037190	0.046238	0.055286	0.064333	0.073381	0.082429	0.091476	0.100524	0.109571	0.118619	0.127667	0.136714	0.145762	0.154810	0.163857	0.172905	0.181952	0.001000	0.010048	0.019095	0.028143	0.037190	0.046238	0.055286	0.064333	0.073381	0.082429	0.091476	0.100524	0.109571	0.118619	0.127667	0.136714	0.145762	0.154810	0.163857	0.172905	0.181952	0.001000	0.010048	0.019095	0.028143	0.037190	0.046238	0.055286	0.064333	0.073381	0.082429	0.091476	0.100524	0.109571	0.118619	0.127667	0.136714	0.145762	0.154810	0.163857	0.172905	0.181952	0.001000	0.010048	0.019095	0.028143	0.037190	0.046238	0.055286	0.064333	0.073381	0.082429	0.091476	0.100524	0.109571	0.118619	0.127667	0.136714	0.145762	0.154810	0.163857	0.172905	0.181952	0.001000	0.010048	0.019095	0.028143	0.037190	0.046238	0.055286	0.064333	0.073381	0.082429	0.091476	0.100524	0.109571	0.118619	0.127667	0.136714	0.145762	0.154810	0.163857	0.172905	0.181952	0.001000	0.010048	0.019095	0.028143	0.037190	0.046238	0.055286	0.064333	0.073381	0.082429	0.091476	0.100524	0.109571	0.118619	0.127667	0.136714	0.145762	0.154810	0.163857	0.172905	0.181952	0.001000	0.010048	0.019095	0.028143	0.037190	0.046238	0.055286	0.064333	0.073381	0.082429	0.091476	0.100524	0.109571	0.118619	0.127667	0.136714	0.145762	0.154810	0.163857	0.172905	0.181952	0.001000	0.010048	0.019095	0.028143	0.037190	0.046238	0.055286	0.064333	0.073381	0.082429	0.091476	0.100524	0.109571	0.118619	0.127667	0.136714	0.145762	0.154810	0.163857	0.172905	0.181952	0.001000	0.010048	0.019095	0.028143	0.037190	0.046238	0.055286	0.064333	0.073381	0.082429	0.091476	0.100524	0.109571	0.118619	0.127667	0.136714	0.145762	0.154810	0.163857	0.172905	0.181952	0.001000	0.010048	0.019095	0.028143	0.037190	0.046238	0.055286	0.064333	0.073381	0.082429	0.091476	0.100524	0.109571	0.118619	0.127667	0.136714	0.145762	0.154810	0.163857	0.172905	0.181952	0.001000	0.010048	0.019095	0.028143	0.037190	0.046238	0.055286	0.064333	0.073381	0.082429	0.091476	0.100524	0.109571	0.118619	0.127667	0.136714	0.145762	0.154810	0.163857	0.172905	0.181952	0.001000	0.010048	0.019095	0.028143	0.037190	0.046238	0.055286	0.064333	0.073381	0.082429	0.091476	0.100524	0.109571	0.118619	0.127667	0.136714	0.145762	0.154810	0.163857	0.172905	0.181952	0.001000	0.010048	0.019095	0.028143	0.037190	0.046238	0.055286	0.064333	0.073381	0.082429	0.091476	0.100524	0.109571	0.118619	0.127667	0.136714	0.145762	0.154810	0.163857	0.172905	0.181952	0.001000	0.010048	0.019095	0.028143	0.037190	0.046238	0.055286	0.064333	0.073381	0.082429	0.091476	0.100524	0.109571	0.118619	0.127667	0.136714	0.145762	0.154810	0.163857	0.172905	0.181952
mfix.avg_region_x_e =	0.010048	0.019095	0.028143	0.037190	0.046238	0.055286	0.064333	0.073381	0.082429	0.091476	0.100524	0.109571	0.118619	0.127667	0.136714	0.145762	0.154810	0.163857	0.172905	0.181952	0.191000	0.010048	0.019095	0.028143	0.037190	0.046238	0.055286	0.064333	0.073381	0.082429	0.091476	0.100524	0.109571	0.118619	0.127667	0.136714	0.145762	0.154810	0.163857	0.172905	0.181952	0.191000	0.010048	0.019095	0.028143	0.037190	0.046238	0.055286	0.064333	0.073381	0.082429	0.091476	0.100524	0.109571	0.118619	0.127667	0.136714	0.145762	0.154810	0.163857	0.172905	0.181952	0.191000	0.010048	0.019095	0.028143	0.037190	0.046238	0.055286	0.064333	0.073381	0.082429	0.091476	0.100524	0.109571	0.118619	0.127667	0.136714	0.145762	0.154810	0.163857	0.172905	0.181952	0.191000	0.010048	0.019095	0.028143	0.037190	0.046238	0.055286	0.064333	0.073381	0.082429	0.091476	0.100524	0.109571	0.118619	0.127667	0.136714	0.145762	0.154810	0.163857	0.172905	0.181952	0.191000	0.010048	0.019095	0.028143	0.037190	0.046238	0.055286	0.064333	0.073381	0.082429	0.091476	0.100524	0.109571	0.118619	0.127667	0.136714	0.145762	0.154810	0.163857	0.172905	0.181952	0.191000	0.010048	0.019095	0.028143	0.037190	0.046238	0.055286	0.064333	0.073381	0.082429	0.091476	0.100524	0.109571	0.118619	0.127667	0.136714	0.145762	0.154810	0.163857	0.172905	0.181952	0.191000	0.010048	0.019095	0.028143	0.037190	0.046238	0.055286	0.064333	0.073381	0.082429	0.091476	0.100524	0.109571	0.118619	0.127667	0.136714	0.145762	0.154810	0.163857	0.172905	0.181952	0.191000	0.010048	0.019095	0.028143	0.037190	0.046238	0.055286	0.064333	0.073381	0.082429	0.091476	0.100524	0.109571	0.118619	0.127667	0.136714	0.145762	0.154810	0.163857	0.172905	0.181952	0.191000	0.010048	0.019095	0.028143	0.037190	0.046238	0.055286	0.064333	0.073381	0.082429	0.091476	0.100524	0.109571	0.118619	0.127667	0.136714	0.145762	0.154810	0.163857	0.172905	0.181952	0.191000	0.010048	0.019095	0.028143	0.037190	0.046238	0.055286	0.064333	0.073381	0.082429	0.091476	0.100524	0.109571	0.118619	0.127667	0.136714	0.145762	0.154810	0.163857	0.172905	0.181952	0.191000	0.010048	0.019095	0.028143	0.037190	0.046238	0.055286	0.064333	0.073381	0.082429	0.091476	0.100524	0.109571	0.118619	0.127667	0.136714	0.145762	0.154810	0.163857	0.172905	0.181952	0.191000	0.010048	0.019095	0.028143	0.037190	0.046238	0.055286	0.064333	0.073381	0.082429	0.091476	0.100524	0.109571	0.118619	0.127667	0.136714	0.145762	0.154810	0.163857	0.172905	0.181952	0.191000	0.010048	0.019095	0.028143	0.037190	0.046238	0.055286	0.064333	0.073381	0.082429	0.091476	0.100524	0.109571	0.118619	0.127667	0.136714	0.145762	0.154810	0.163857	0.172905	0.181952	0.191000	0.010048	0.019095	0.028143	0.037190	0.046238	0.055286	0.064333	0.073381	0.082429	0.091476	0.100524	0.109571	0.118619	0.127667	0.136714	0.145762	0.154810	0.163857	0.172905	0.181952	0.191000	0.010048	0.019095	0.028143	0.037190	0.046238	0.055286	0.064333	0.073381	0.082429	0.091476	0.100524	0.109571	0.118619	0.127667	0.136714	0.145762	0.154810	0.163857	0.172905	0.181952	0.191000	0.010048	0.019095	0.028143	0.037190	0.046238	0.055286	0.064333	0.073381	0.082429	0.091476	0.100524	0.109571	0.118619	0.127667	0.136714	0.145762	0.154810	0.163857	0.172905	0.181952	0.191000	0.010048	0.019095	0.028143	0.037190	0.046238	0.055286	0.064333	0.073381	0.082429	0.091476	0.100524	0.109571	0.118619	0.127667	0.136714	0.145762	0.154810	0.163857	0.172905	0.181952	0.191000	0.010048	0.019095	0.028143	0.037190	0.046238	0.055286	0.064333	0.073381	0.082429	0.091476	0.100524	0.109571	0.118619	0.127667	0.136714	0.145762	0.154810	0.163857	0.172905	0.181952	0.191000	0.010048	0.019095	0.028143	0.037190	0.046238	0.055286	0.064333	0.073381	0.082429	0.091476	0.100524	0.109571	0.118619	0.127667	0.136714	0.145762	0.154810	0.163857	0.172905	0.181952	0.191000	0.010048	0.019095	0.028143	0.037190	0.046238	0.055286	0.064333	0.073381	0.082429	0.091476	0.100524	0.109571	0.118619	0.127667	0.136714	0.145762	0.154810	0.163857	0.172905	0.181952	0.191000	0.010048	0.019095	0.028143	0.037190	0.046238	0.055286	0.064333	0.073381	0.082429	0.091476	0.100524	0.109571	0.118619	0.127667	0.136714	0.145762	0.154810	0.163857	0.172905	0.181952	0.191000	0.010048	0.019095	0.028143	0.037190	0.046238	0.055286	0.064333	0.073381	0.082429	0.091476	0.100524	0.109571	0.118619	0.127667	0.136714	0.145762	0.154810	0.163857	0.172905	0.181952	0.191000	0.010048	0.019095	0.028143	0.037190	0.046238	0.055286	0.064333	0.073381	0.082429	0.091476	0.100524	0.109571	0.118619	0.127667	0.136714	0.145762	0.154810	0.163857	0.172905	0.181952	0.191000	0.010048	0.019095	0.028143	0.037190	0.046238	0.055286	0.064333	0.073381	0.082429	0.091476	0.100524	0.109571	0.118619	0.127667	0.136714	0.145762	0.154810	0.163857	0.172905	0.181952	0.191000	0.010048	0.019095	0.028143	0.037190	0.046238	0.055286	0.064333	0.073381	0.082429	0.091476	0.100524	0.109571	0.118619	0.127667	0.136714	0.145762	0.154810	0.163857	0.172905	0.181952	0.191000	0.010048	0.019095	0.028143	0.037190	0.046238	0.055286	0.064333	0.073381	0.082429	0.091476	0.100524	0.109571	0.118619	0.127667	0.136714	0.145762	0.154810	0.163857	0.172905	0.181952	0.191000	0.010048	0.019095	0.028143	0.037190	0.046238	0.055286	0.064333	0.073381	0.082429	0.091476	0.100524	0.109571	0.118619	0.127667	0.136714	0.145762	0.154810	0.163857	0.172905	0.181952	0.191000	0.010048	0.019095	0.028143	0.037190	0.046238	0.055286	0.064333	0.073381	0.082429	0.091476	0.100524	0.109571	0.118619	0.127667	0.136714	0.145762	0.154810	0.163857	0.172905	0.181952	0.191000	0.010048	0.019095	0.028143	0.037190	0.046238	0.055286	0.064333	0.073381	0.082429	0.091476	0.100524	0.109571	0.118619	0.127667	0.136714	0.145762	0.154810	0.163857	0.172905	0.181952	0.191000	0.010048	0.019095	0.028143	0.037190	0.046238	0.055286	0.064333	0.073381	0.082429	0.091476	0.100524	0.109571	0.118619	0.127667	0.136714	0.145762	0.154810	0.163857	0.172905	0.181952	0.191000	0.010048	0.019095	0.028143	0.037190	0.046238	0.055286	0.064333	0.073381	0.082429	0.091476	0.100524	0.109571	0.118619	0.127667	0.136714	0.145762	0.154810	0.163857	0.172905	0.181952	0.191000
mfix.avg_region_y_s =	0.000000	0.000000	0.000000	0.000000	0.000000	0.000000	0.000000	0.000000	0.000000	0.000000	0.000000	0.000000	0.000000	0.000000	0.000000	0.000000	0.000000	0.000000	0.000000	0.000000	0.000000	0.009375	0.009375	0.009375	0.009375	0.009375	0.009375	0.009375	0.009375	0.009375	0.009375	0.009375	0.009375	0.009375	0.009375	0.009375	0.009375	0.009375	0.009375	0.009375	0.009375	0.009375	0.018750	0.018750	0.018750	0.018750	0.018750	0.018750	0.018750	0.018750	0.018750	0.018750	0.018750	0.018750	0.018750	0.018750	0.018750	0.018750	0.018750	0.018750	0.018750	0.018750	0.018750	0.028125	0.028125	0.028125	0.028125	0.028125	0.028125	0.028125	0.028125	0.028125	0.028125	0.028125	0.028125	0.028125	0.028125	0.028125	0.028125	0.028125	0.028125	0.028125	0.028125	0.028125	0.037500	0.037500	0.037500	0.037500	0.037500	0.037500	0.037500	0.037500	0.037500	0.037500	0.037500	0.037500	0.037500	0.037500	0.037500	0.037500	0.037500	0.037500	0.037500	0.037500	0.037500	0.046875	0.046875	0.046875	0.046875	0.046875	0.046875	0.046875	0.046875	0.046875	0.046875	0.046875	0.046875	0.046875	0.046875	0.046875	0.046875	0.046875	0.046875	0.046875	0.046875	0.046875	0.056250	0.056250	0.056250	0.056250	0.056250	0.056250	0.056250	0.056250	0.056250	0.056250	0.056250	0.056250	0.056250	0.056250	0.056250	0.056250	0.056250	0.056250	0.056250	0.056250	0.056250	0.065625	0.065625	0.065625	0.065625	0.065625	0.065625	0.065625	0.065625	0.065625	0.065625	0.065625	0.065625	0.065625	0.065625	0.065625	0.065625	0.065625	0.065625	0.065625	0.065625	0.065625	0.075000	0.075000	0.075000	0.075000	0.075000	0.075000	0.075000	0.075000	0.075000	0.075000	0.075000	0.075000	0.075000	0.075000	0.075000	0.075000	0.075000	0.075000	0.075000	0.075000	0.075000	0.084375	0.084375	0.084375	0.084375	0.084375	0.084375	0.084375	0.084375	0.084375	0.084375	0.084375	0.084375	0.084375	0.084375	0.084375	0.084375	0.084375	0.084375	0.084375	0.084375	0.084375	0.093750	0.093750	0.093750	0.093750	0.093750	0.093750	0.093750	0.093750	0.093750	0.093750	0.093750	0.093750	0.093750	0.093750	0.093750	0.093750	0.093750	0.093750	0.093750	0.093750	0.093750	0.103125	0.103125	0.103125	0.103125	0.103125	0.103125	0.103125	0.103125	0.103125	0.103125	0.103125	0.103125	0.103125	0.103125	0.103125	0.103125	0.103125	0.103125	0.103125	0.103125	0.103125	0.112500	0.112500	0.112500	0.112500	0.112500	0.112500	0.112500	0.112500	0.112500	0.112500	0.112500	0.112500	0.112500	0.112500	0.112500	0.112500	0.112500	0.112500	0.112500	0.112500	0.112500	0.121875	0.121875	0.121875	0.121875	0.121875	0.121875	0.121875	0.121875	0.121875	0.121875	0.121875	0.121875	0.121875	0.121875	0.121875	0.121875	0.121875	0.121875	0.121875	0.121875	0.121875	0.131250	0.131250	0.131250	0.131250	0.131250	0.131250	0.131250	0.131250	0.131250	0.131250	0.131250	0.131250	0.131250	0.131250	0.131250	0.131250	0.131250	0.131250	0.131250	0.131250	0.131250	0.140625	0.140625	0.140625	0.140625	0.140625	0.140625	0.140625	0.140625	0.140625	0.140625	0.140625	0.140625	0.140625	0.140625	0.140625	0.140625	0.140625	0.140625	0.140625	0.140625	0.140625	0.150000	0.150000	0.150000	0.150000	0.150000	0.150000	0.150000	0.150000	0.150000	0.150000	0.150000	0.150000	0.150000	0.150000	0.150000	0.150000	0.150000	0.150000	0.150000	0.150000	0.150000	0.159375	0.159375	0.159375	0.159375	0.159375	0.159375	0.159375	0.159375	0.159375	0.159375	0.159375	0.159375	0.159375	0.159375	0.159375	0.159375	0.159375	0.159375	0.159375	0.159375	0.159375	0.168750	0.168750	0.168750	0.168750	0.168750	0.168750	0.168750	0.168750	0.168750	0.168750	0.168750	0.168750	0.168750	0.168750	0.168750	0.168750	0.168750	0.168750	0.168750	0.168750	0.168750	0.178125	0.178125	0.178125	0.178125	0.178125	0.178125	0.178125	0.178125	0.178125	0.178125	0.178125	0.178125	0.178125	0.178125	0.178125	0.178125	0.178125	0.178125	0.178125	0.178125	0.178125	0.187500	0.187500	0.187500	0.187500	0.187500	0.187500	0.187500	0.187500	0.187500	0.187500	0.187500	0.187500	0.187500	0.187500	0.187500	0.187500	0.187500	0.187500	0.187500	0.187500	0.187500	0.196875	0.196875	0.196875	0.196875	0.196875	0.196875	0.196875	0.196875	0.196875	0.196875	0.196875	0.196875	0.196875	0.196875	0.196875	0.196875	0.196875	0.196875	0.196875	0.196875	0.196875	0.206250	0.206250	0.206250	0.206250	0.206250	0.206250	0.206250	0.206250	0.206250	0.206250	0.206250	0.206250	0.206250	0.206250	0.206250	0.206250	0.206250	0.206250	0.206250	0.206250	0.206250	0.215625	0.215625	0.215625	0.215625	0.215625	0.215625	0.215625	0.215625	0.215625	0.215625	0.215625	0.215625	0.215625	0.215625	0.215625	0.215625	0.215625	0.215625	0.215625	0.215625	0.215625	0.225000	0.225000	0.225000	0.225000	0.225000	0.225000	0.225000	0.225000	0.225000	0.225000	0.225000	0.225000	0.225000	0.225000	0.225000	0.225000	0.225000	0.225000	0.225000	0.225000	0.225000	0.234375	0.234375	0.234375	0.234375	0.234375	0.234375	0.234375	0.234375	0.234375	0.234375	0.234375	0.234375	0.234375	0.234375	0.234375	0.234375	0.234375	0.234375	0.234375	0.234375	0.234375	0.243750	0.243750	0.243750	0.243750	0.243750	0.243750	0.243750	0.243750	0.243750	0.243750	0.243750	0.243750	0.243750	0.243750	0.243750	0.243750	0.243750	0.243750	0.243750	0.243750	0.243750	0.253125	0.253125	0.253125	0.253125	0.253125	0.253125	0.253125	0.253125	0.253125	0.253125	0.253125	0.253125	0.253125	0.253125	0.253125	0.253125	0.253125	0.253125	0.253125	0.253125	0.253125	0.262500	0.262500	0.262500	0.262500	0.262500	0.262500	0.262500	0.262500	0.262500	0.262500	0.262500	0.262500	0.262500	0.262500	0.262500	0.262500	0.262500	0.262500	0.262500	0.262500	0.262500	0.271875	0.271875	0.271875	0.271875	0.271875	0.271875	0.271875	0.271875	0.271875	0.271875	0.271875	0.271875	0.271875	0.271875	0.271875	0.271875	0.271875	0.271875	0.271875	0.271875	0.271875	0.281250	0.281250	0.281250	0.281250	0.281250	0.281250	0.281250	0.281250	0.281250	0.281250	0.281250	0.281250	0.281250	0.281250	0.281250	0.281250	0.281250	0.281250	0.281250	0.281250	0.281250	0.290625	0.290625	0.290625	0.290625	0.290625	0.290625	0.290625	0.290625	0.290625	0.290625	0.290625	0.290625	0.290625	0.290625	0.290625	0.290625	0.290625	0.290625	0.290625	0.290625	0.290625
mfix.avg_region_y_n =	0.009375	0.009375	0.009375	0.009375	0.009375	0.009375	0.009375	0.009375	0.009375	0.009375	0.009375	0.009375	0.009375	0.009375	0.009375	0.009375	0.009375	0.009375	0.009375	0.009375	0.009375	0.018750	0.018750	0.018750	0.018750	0.018750	0.018750	0.018750	0.018750	0.018750	0.018750	0.018750	0.018750	0.018750	0.018750	0.018750	0.018750	0.018750	0.018750	0.018750	0.018750	0.018750	0.028125	0.028125	0.028125	0.028125	0.028125	0.028125	0.028125	0.028125	0.028125	0.028125	0.028125	0.028125	0.028125	0.028125	0.028125	0.028125	0.028125	0.028125	0.028125	0.028125	0.028125	0.037500	0.037500	0.037500	0.037500	0.037500	0.037500	0.037500	0.037500	0.037500	0.037500	0.037500	0.037500	0.037500	0.037500	0.037500	0.037500	0.037500	0.037500	0.037500	0.037500	0.037500	0.046875	0.046875	0.046875	0.046875	0.046875	0.046875	0.046875	0.046875	0.046875	0.046875	0.046875	0.046875	0.046875	0.046875	0.046875	0.046875	0.046875	0.046875	0.046875	0.046875	0.046875	0.056250	0.056250	0.056250	0.056250	0.056250	0.056250	0.056250	0.056250	0.056250	0.056250	0.056250	0.056250	0.056250	0.056250	0.056250	0.056250	0.056250	0.056250	0.056250	0.056250	0.056250	0.065625	0.065625	0.065625	0.065625	0.065625	0.065625	0.065625	0.065625	0.065625	0.065625	0.065625	0.065625	0.065625	0.065625	0.065625	0.065625	0.065625	0.065625	0.065625	0.065625	0.065625	0.075000	0.075000	0.075000	0.075000	0.075000	0.075000	0.075000	0.075000	0.075000	0.075000	0.075000	0.075000	0.075000	0.075000	0.075000	0.075000	0.075000	0.075000	0.075000	0.075000	0.075000	0.084375	0.084375	0.084375	0.084375	0.084375	0.084375	0.084375	0.084375	0.084375	0.084375	0.084375	0.084375	0.084375	0.084375	0.084375	0.084375	0.084375	0.084375	0.084375	0.084375	0.084375	0.093750	0.093750	0.093750	0.093750	0.093750	0.093750	0.093750	0.093750	0.093750	0.093750	0.093750	0.093750	0.093750	0.093750	0.093750	0.093750	0.093750	0.093750	0.093750	0.093750	0.093750	0.103125	0.103125	0.103125	0.103125	0.103125	0.103125	0.103125	0.103125	0.103125	0.103125	0.103125	0.103125	0.103125	0.103125	0.103125	0.103125	0.103125	0.103125	0.103125	0.103125	0.103125	0.112500	0.112500	0.112500	0.112500	0.112500	0.112500	0.112500	0.112500	0.112500	0.112500	0.112500	0.112500	0.112500	0.112500	0.112500	0.112500	0.112500	0.112500	0.112500	0.112500	0.112500	0.121875	0.121875	0.121875	0.121875	0.121875	0.121875	0.121875	0.121875	0.121875	0.121875	0.121875	0.121875	0.121875	0.121875	0.121875	0.121875	0.121875	0.121875	0.121875	0.121875	0.121875	0.131250	0.131250	0.131250	0.131250	0.131250	0.131250	0.131250	0.131250	0.131250	0.131250	0.131250	0.131250	0.131250	0.131250	0.131250	0.131250	0.131250	0.131250	0.131250	0.131250	0.131250	0.140625	0.140625	0.140625	0.140625	0.140625	0.140625	0.140625	0.140625	0.140625	0.140625	0.140625	0.140625	0.140625	0.140625	0.140625	0.140625	0.140625	0.140625	0.140625	0.140625	0.140625	0.150000	0.150000	0.150000	0.150000	0.150000	0.150000	0.150000	0.150000	0.150000	0.150000	0.150000	0.150000	0.150000	0.150000	0.150000	0.150000	0.150000	0.150000	0.150000	0.150000	0.150000	0.159375	0.159375	0.159375	0.159375	0.159375	0.159375	0.159375	0.159375	0.159375	0.159375	0.159375	0.159375	0.159375	0.159375	0.159375	0.159375	0.159375	0.159375	0.159375	0.159375	0.159375	0.168750	0.168750	0.168750	0.168750	0.168750	0.168750	0.168750	0.168750	0.168750	0.168750	0.168750	0.168750	0.168750	0.168750	0.168750	0.168750	0.168750	0.168750	0.168750	0.168750	0.168750	0.178125	0.178125	0.178125	0.178125	0.178125	0.178125	0.178125	0.178125	0.178125	0.178125	0.178125	0.178125	0.178125	0.178125	0.178125	0.178125	0.178125	0.178125	0.178125	0.178125	0.178125	0.187500	0.187500	0.187500	0.187500	0.187500	0.187500	0.187500	0.187500	0.187500	0.187500	0.187500	0.187500	0.187500	0.187500	0.187500	0.187500	0.187500	0.187500	0.187500	0.187500	0.187500	0.196875	0.196875	0.196875	0.196875	0.196875	0.196875	0.196875	0.196875	0.196875	0.196875	0.196875	0.196875	0.196875	0.196875	0.196875	0.196875	0.196875	0.196875	0.196875	0.196875	0.196875	0.206250	0.206250	0.206250	0.206250	0.206250	0.206250	0.206250	0.206250	0.206250	0.206250	0.206250	0.206250	0.206250	0.206250	0.206250	0.206250	0.206250	0.206250	0.206250	0.206250	0.206250	0.215625	0.215625	0.215625	0.215625	0.215625	0.215625	0.215625	0.215625	0.215625	0.215625	0.215625	0.215625	0.215625	0.215625	0.215625	0.215625	0.215625	0.215625	0.215625	0.215625	0.215625	0.225000	0.225000	0.225000	0.225000	0.225000	0.225000	0.225000	0.225000	0.225000	0.225000	0.225000	0.225000	0.225000	0.225000	0.225000	0.225000	0.225000	0.225000	0.225000	0.225000	0.225000	0.234375	0.234375	0.234375	0.234375	0.234375	0.234375	0.234375	0.234375	0.234375	0.234375	0.234375	0.234375	0.234375	0.234375	0.234375	0.234375	0.234375	0.234375	0.234375	0.234375	0.234375	0.243750	0.243750	0.243750	0.243750	0.243750	0.243750	0.243750	0.243750	0.243750	0.243750	0.243750	0.243750	0.243750	0.243750	0.243750	0.243750	0.243750	0.243750	0.243750	0.243750	0.243750	0.253125	0.253125	0.253125	0.253125	0.253125	0.253125	0.253125	0.253125	0.253125	0.253125	0.253125	0.253125	0.253125	0.253125	0.253125	0.253125	0.253125	0.253125	0.253125	0.253125	0.253125	0.262500	0.262500	0.262500	0.262500	0.262500	0.262500	0.262500	0.262500	0.262500	0.262500	0.262500	0.262500	0.262500	0.262500	0.262500	0.262500	0.262500	0.262500	0.262500	0.262500	0.262500	0.271875	0.271875	0.271875	0.271875	0.271875	0.271875	0.271875	0.271875	0.271875	0.271875	0.271875	0.271875	0.271875	0.271875	0.271875	0.271875	0.271875	0.271875	0.271875	0.271875	0.271875	0.281250	0.281250	0.281250	0.281250	0.281250	0.281250	0.281250	0.281250	0.281250	0.281250	0.281250	0.281250	0.281250	0.281250	0.281250	0.281250	0.281250	0.281250	0.281250	0.281250	0.281250	0.290625	0.290625	0.290625	0.290625	0.290625	0.290625	0.290625	0.290625	0.290625	0.290625	0.290625	0.290625	0.290625	0.290625	0.290625	0.290625	0.290625	0.290625	0.290625	0.290625	0.290625	0.300000	0.300000	0.300000	0.300000	0.300000	0.300000	0.300000	0.300000	0.300000	0.300000	0.300000	0.300000	0.300000	0.300000	0.300000	0.300000	0.300000	0.300000	0.300000	0.300000	0.300000
mfix.avg_region_z_b =	0.091000	0.091000	0.091000	0.091000	0.091000	0.091000	0.091000	0.091000	0.091000	0.091000	0.091000	0.091000	0.091000	0.091000	0.091000	0.091000	0.091000	0.091000	0.091000	0.091000	0.091000	0.091000	0.091000	0.091000	0.091000	0.091000	0.091000	0.091000	0.091000	0.091000	0.091000	0.091000	0.091000	0.091000	0.091000	0.091000	0.091000	0.091000	0.091000	0.091000	0.091000	0.091000	0.091000	0.091000	0.091000	0.091000	0.091000	0.091000	0.091000	0.091000	0.091000	0.091000	0.091000	0.091000	0.091000	0.091000	0.091000	0.091000	0.091000	0.091000	0.091000	0.091000	0.091000	0.091000	0.091000	0.091000	0.091000	0.091000	0.091000	0.091000	0.091000	0.091000	0.091000	0.091000	0.091000	0.091000	0.091000	0.091000	0.091000	0.091000	0.091000	0.091000	0.091000	0.091000	0.091000	0.091000	0.091000	0.091000	0.091000	0.091000	0.091000	0.091000	0.091000	0.091000	0.091000	0.091000	0.091000	0.091000	0.091000	0.091000	0.091000	0.091000	0.091000	0.091000	0.091000	0.091000	0.091000	0.091000	0.091000	0.091000	0.091000	0.091000	0.091000	0.091000	0.091000	0.091000	0.091000	0.091000	0.091000	0.091000	0.091000	0.091000	0.091000	0.091000	0.091000	0.091000	0.091000	0.091000	0.091000	0.091000	0.091000	0.091000	0.091000	0.091000	0.091000	0.091000	0.091000	0.091000	0.091000	0.091000	0.091000	0.091000	0.091000	0.091000	0.091000	0.091000	0.091000	0.091000	0.091000	0.091000	0.091000	0.091000	0.091000	0.091000	0.091000	0.091000	0.091000	0.091000	0.091000	0.091000	0.091000	0.091000	0.091000	0.091000	0.091000	0.091000	0.091000	0.091000	0.091000	0.091000	0.091000	0.091000	0.091000	0.091000	0.091000	0.091000	0.091000	0.091000	0.091000	0.091000	0.091000	0.091000	0.091000	0.091000	0.091000	0.091000	0.091000	0.091000	0.091000	0.091000	0.091000	0.091000	0.091000	0.091000	0.091000	0.091000	0.091000	0.091000	0.091000	0.091000	0.091000	0.091000	0.091000	0.091000	0.091000	0.091000	0.091000	0.091000	0.091000	0.091000	0.091000	0.091000	0.091000	0.091000	0.091000	0.091000	0.091000	0.091000	0.091000	0.091000	0.091000	0.091000	0.091000	0.091000	0.091000	0.091000	0.091000	0.091000	0.091000	0.091000	0.091000	0.091000	0.091000	0.091000	0.091000	0.091000	0.091000	0.091000	0.091000	0.091000	0.091000	0.091000	0.091000	0.091000	0.091000	0.091000	0.091000	0.091000	0.091000	0.091000	0.091000	0.091000	0.091000	0.091000	0.091000	0.091000	0.091000	0.091000	0.091000	0.091000	0.091000	0.091000	0.091000	0.091000	0.091000	0.091000	0.091000	0.091000	0.091000	0.091000	0.091000	0.091000	0.091000	0.091000	0.091000	0.091000	0.091000	0.091000	0.091000	0.091000	0.091000	0.091000	0.091000	0.091000	0.091000	0.091000	0.091000	0.091000	0.091000	0.091000	0.091000	0.091000	0.091000	0.091000	0.091000	0.091000	0.091000	0.091000	0.091000	0.091000	0.091000	0.091000	0.091000	0.091000	0.091000	0.091000	0.091000	0.091000	0.091000	0.091000	0.091000	0.091000	0.091000	0.091000	0.091000	0.091000	0.091000	0.091000	0.091000	0.091000	0.091000	0.091000	0.091000	0.091000	0.091000	0.091000	0.091000	0.091000	0.091000	0.091000	0.091000	0.091000	0.091000	0.091000	0.091000	0.091000	0.091000	0.091000	0.091000	0.091000	0.091000	0.091000	0.091000	0.091000	0.091000	0.091000	0.091000	0.091000	0.091000	0.091000	0.091000	0.091000	0.091000	0.091000	0.091000	0.091000	0.091000	0.091000	0.091000	0.091000	0.091000	0.091000	0.091000	0.091000	0.091000	0.091000	0.091000	0.091000	0.091000	0.091000	0.091000	0.091000	0.091000	0.091000	0.091000	0.091000	0.091000	0.091000	0.091000	0.091000	0.091000	0.091000	0.091000	0.091000	0.091000	0.091000	0.091000	0.091000	0.091000	0.091000	0.091000	0.091000	0.091000	0.091000	0.091000	0.091000	0.091000	0.091000	0.091000	0.091000	0.091000	0.091000	0.091000	0.091000	0.091000	0.091000	0.091000	0.091000	0.091000	0.091000	0.091000	0.091000	0.091000	0.091000	0.091000	0.091000	0.091000	0.091000	0.091000	0.091000	0.091000	0.091000	0.091000	0.091000	0.091000	0.091000	0.091000	0.091000	0.091000	0.091000	0.091000	0.091000	0.091000	0.091000	0.091000	0.091000	0.091000	0.091000	0.091000	0.091000	0.091000	0.091000	0.091000	0.091000	0.091000	0.091000	0.091000	0.091000	0.091000	0.091000	0.091000	0.091000	0.091000	0.091000	0.091000	0.091000	0.091000	0.091000	0.091000	0.091000	0.091000	0.091000	0.091000	0.091000	0.091000	0.091000	0.091000	0.091000	0.091000	0.091000	0.091000	0.091000	0.091000	0.091000	0.091000	0.091000	0.091000	0.091000	0.091000	0.091000	0.091000	0.091000	0.091000	0.091000	0.091000	0.091000	0.091000	0.091000	0.091000	0.091000	0.091000	0.091000	0.091000	0.091000	0.091000	0.091000	0.091000	0.091000	0.091000	0.091000	0.091000	0.091000	0.091000	0.091000	0.091000	0.091000	0.091000	0.091000	0.091000	0.091000	0.091000	0.091000	0.091000	0.091000	0.091000	0.091000	0.091000	0.091000	0.091000	0.091000	0.091000	0.091000	0.091000	0.091000	0.091000	0.091000	0.091000	0.091000	0.091000	0.091000	0.091000	0.091000	0.091000	0.091000	0.091000	0.091000	0.091000	0.091000	0.091000	0.091000	0.091000	0.091000	0.091000	0.091000	0.091000	0.091000	0.091000	0.091000	0.091000	0.091000	0.091000	0.091000	0.091000	0.091000	0.091000	0.091000	0.091000	0.091000	0.091000	0.091000	0.091000	0.091000	0.091000	0.091000	0.091000	0.091000	0.091000	0.091000	0.091000	0.091000	0.091000	0.091000	0.091000	0.091000	0.091000	0.091000	0.091000	0.091000	0.091000	0.091000	0.091000	0.091000	0.091000	0.091000	0.091000	0.091000	0.091000	0.091000	0.091000	0.091000	0.091000	0.091000	0.091000	0.091000	0.091000	0.091000	0.091000	0.091000	0.091000	0.091000	0.091000	0.091000	0.091000	0.091000	0.091000	0.091000	0.091000	0.091000	0.091000	0.091000	0.091000	0.091000	0.091000	0.091000	0.091000	0.091000	0.091000	0.091000	0.091000	0.091000	0.091000	0.091000	0.091000	0.091000	0.091000	0.091000	0.091000	0.091000	0.091000	0.091000	0.091000	0.091000	0.091000	0.091000	0.091000	0.091000	0.091000	0.091000	0.091000	0.091000	0.091000	0.091000	0.091000	0.091000	0.091000	0.091000	0.091000	0.091000	0.091000	0.091000	0.091000	0.091000	0.091000	0.091000	0.091000	0.091000	0.091000	0.091000	0.091000	0.091000	0.091000	0.091000	0.091000	0.091000	0.091000	0.091000	0.091000	0.091000	0.091000	0.091000	0.091000	0.091000
mfix.avg_region_z_t =	0.101000	0.101000	0.101000	0.101000	0.101000	0.101000	0.101000	0.101000	0.101000	0.101000	0.101000	0.101000	0.101000	0.101000	0.101000	0.101000	0.101000	0.101000	0.101000	0.101000	0.101000	0.101000	0.101000	0.101000	0.101000	0.101000	0.101000	0.101000	0.101000	0.101000	0.101000	0.101000	0.101000	0.101000	0.101000	0.101000	0.101000	0.101000	0.101000	0.101000	0.101000	0.101000	0.101000	0.101000	0.101000	0.101000	0.101000	0.101000	0.101000	0.101000	0.101000	0.101000	0.101000	0.101000	0.101000	0.101000	0.101000	0.101000	0.101000	0.101000	0.101000	0.101000	0.101000	0.101000	0.101000	0.101000	0.101000	0.101000	0.101000	0.101000	0.101000	0.101000	0.101000	0.101000	0.101000	0.101000	0.101000	0.101000	0.101000	0.101000	0.101000	0.101000	0.101000	0.101000	0.101000	0.101000	0.101000	0.101000	0.101000	0.101000	0.101000	0.101000	0.101000	0.101000	0.101000	0.101000	0.101000	0.101000	0.101000	0.101000	0.101000	0.101000	0.101000	0.101000	0.101000	0.101000	0.101000	0.101000	0.101000	0.101000	0.101000	0.101000	0.101000	0.101000	0.101000	0.101000	0.101000	0.101000	0.101000	0.101000	0.101000	0.101000	0.101000	0.101000	0.101000	0.101000	0.101000	0.101000	0.101000	0.101000	0.101000	0.101000	0.101000	0.101000	0.101000	0.101000	0.101000	0.101000	0.101000	0.101000	0.101000	0.101000	0.101000	0.101000	0.101000	0.101000	0.101000	0.101000	0.101000	0.101000	0.101000	0.101000	0.101000	0.101000	0.101000	0.101000	0.101000	0.101000	0.101000	0.101000	0.101000	0.101000	0.101000	0.101000	0.101000	0.101000	0.101000	0.101000	0.101000	0.101000	0.101000	0.101000	0.101000	0.101000	0.101000	0.101000	0.101000	0.101000	0.101000	0.101000	0.101000	0.101000	0.101000	0.101000	0.101000	0.101000	0.101000	0.101000	0.101000	0.101000	0.101000	0.101000	0.101000	0.101000	0.101000	0.101000	0.101000	0.101000	0.101000	0.101000	0.101000	0.101000	0.101000	0.101000	0.101000	0.101000	0.101000	0.101000	0.101000	0.101000	0.101000	0.101000	0.101000	0.101000	0.101000	0.101000	0.101000	0.101000	0.101000	0.101000	0.101000	0.101000	0.101000	0.101000	0.101000	0.101000	0.101000	0.101000	0.101000	0.101000	0.101000	0.101000	0.101000	0.101000	0.101000	0.101000	0.101000	0.101000	0.101000	0.101000	0.101000	0.101000	0.101000	0.101000	0.101000	0.101000	0.101000	0.101000	0.101000	0.101000	0.101000	0.101000	0.101000	0.101000	0.101000	0.101000	0.101000	0.101000	0.101000	0.101000	0.101000	0.101000	0.101000	0.101000	0.101000	0.101000	0.101000	0.101000	0.101000	0.101000	0.101000	0.101000	0.101000	0.101000	0.101000	0.101000	0.101000	0.101000	0.101000	0.101000	0.101000	0.101000	0.101000	0.101000	0.101000	0.101000	0.101000	0.101000	0.101000	0.101000	0.101000	0.101000	0.101000	0.101000	0.101000	0.101000	0.101000	0.101000	0.101000	0.101000	0.101000	0.101000	0.101000	0.101000	0.101000	0.101000	0.101000	0.101000	0.101000	0.101000	0.101000	0.101000	0.101000	0.101000	0.101000	0.101000	0.101000	0.101000	0.101000	0.101000	0.101000	0.101000	0.101000	0.101000	0.101000	0.101000	0.101000	0.101000	0.101000	0.101000	0.101000	0.101000	0.101000	0.101000	0.101000	0.101000	0.101000	0.101000	0.101000	0.101000	0.101000	0.101000	0.101000	0.101000	0.101000	0.101000	0.101000	0.101000	0.101000	0.101000	0.101000	0.101000	0.101000	0.101000	0.101000	0.101000	0.101000	0.101000	0.101000	0.101000	0.101000	0.101000	0.101000	0.101000	0.101000	0.101000	0.101000	0.101000	0.101000	0.101000	0.101000	0.101000	0.101000	0.101000	0.101000	0.101000	0.101000	0.101000	0.101000	0.101000	0.101000	0.101000	0.101000	0.101000	0.101000	0.101000	0.101000	0.101000	0.101000	0.101000	0.101000	0.101000	0.101000	0.101000	0.101000	0.101000	0.101000	0.101000	0.101000	0.101000	0.101000	0.101000	0.101000	0.101000	0.101000	0.101000	0.101000	0.101000	0.101000	0.101000	0.101000	0.101000	0.101000	0.101000	0.101000	0.101000	0.101000	0.101000	0.101000	0.101000	0.101000	0.101000	0.101000	0.101000	0.101000	0.101000	0.101000	0.101000	0.101000	0.101000	0.101000	0.101000	0.101000	0.101000	0.101000	0.101000	0.101000	0.101000	0.101000	0.101000	0.101000	0.101000	0.101000	0.101000	0.101000	0.101000	0.101000	0.101000	0.101000	0.101000	0.101000	0.101000	0.101000	0.101000	0.101000	0.101000	0.101000	0.101000	0.101000	0.101000	0.101000	0.101000	0.101000	0.101000	0.101000	0.101000	0.101000	0.101000	0.101000	0.101000	0.101000	0.101000	0.101000	0.101000	0.101000	0.101000	0.101000	0.101000	0.101000	0.101000	0.101000	0.101000	0.101000	0.101000	0.101000	0.101000	0.101000	0.101000	0.101000	0.101000	0.101000	0.101000	0.101000	0.101000	0.101000	0.101000	0.101000	0.101000	0.101000	0.101000	0.101000	0.101000	0.101000	0.101000	0.101000	0.101000	0.101000	0.101000	0.101000	0.101000	0.101000	0.101000	0.101000	0.101000	0.101000	0.101000	0.101000	0.101000	0.101000	0.101000	0.101000	0.101000	0.101000	0.101000	0.101000	0.101000	0.101000	0.101000	0.101000	0.101000	0.101000	0.101000	0.101000	0.101000	0.101000	0.101000	0.101000	0.101000	0.101000	0.101000	0.101000	0.101000	0.101000	0.101000	0.101000	0.101000	0.101000	0.101000	0.101000	0.101000	0.101000	0.101000	0.101000	0.101000	0.101000	0.101000	0.101000	0.101000	0.101000	0.101000	0.101000	0.101000	0.101000	0.101000	0.101000	0.101000	0.101000	0.101000	0.101000	0.101000	0.101000	0.101000	0.101000	0.101000	0.101000	0.101000	0.101000	0.101000	0.101000	0.101000	0.101000	0.101000	0.101000	0.101000	0.101000	0.101000	0.101000	0.101000	0.101000	0.101000	0.101000	0.101000	0.101000	0.101000	0.101000	0.101000	0.101000	0.101000	0.101000	0.101000	0.101000	0.101000	0.101000	0.101000	0.101000	0.101000	0.101000	0.101000	0.101000	0.101000	0.101000	0.101000	0.101000	0.101000	0.101000	0.101000	0.101000	0.101000	0.101000	0.101000	0.101000	0.101000	0.101000	0.101000	0.101000	0.101000	0.101000	0.101000	0.101000	0.101000	0.101000	0.101000	0.101000	0.101000	0.101000	0.101000	0.101000	0.101000	0.101000	0.101000	0.101000	0.101000	0.101000	0.101000	0.101000	0.101000	0.101000	0.101000	0.101000	0.101000	0.101000	0.101000	0.101000	0.101000	0.101000	0.101000	0.101000	0.101000	0.101000	0.101000	0.101000	0.101000	0.101000	0.101000	0.101000	0.101000	0.101000	0.101000	0.101000	0.101000	0.101000	0.101000


